{
  "x": 554.2999877929688,
  "y": 252.03334045410156,
  "width": 65.61666870117188,
  "height": 65.61665344238281,
  "top": 252.03334045410156,
  "right": 619.9166564941406,
  "bottom": 317.6499938964844,
  "left": 554.2999877929688
}
